932663.000000
928806.000000
1081146.000000
917839.000000
935363.000000
1026283.000000
962226.000000
917327.000000
1129393.000000
937797.000000
927310.000000
918910.000000
927825.000000
917085.000000
918026.000000
916298.000000
918795.000000
2820166.000000
918216.000000
916251.000000
988618.000000
918208.000000
1104387.000000
1118182.000000
937877.000000
921179.000000
937858.000000
1004395.000000
959340.000000
919354.000000
944716.000000
956115.000000
921404.000000
917306.000000
1004284.000000
916740.000000
923811.000000
919545.000000
916289.000000
1054246.000000
950225.000000
1092630.000000
1070124.000000
932820.000000
916502.000000
918866.000000
1104117.000000
1210370.000000
918262.000000
1002702.000000
1166869.000000
958128.000000
926252.000000
1078027.000000
916494.000000
916332.000000
925115.000000
952889.000000
918278.000000
919272.000000
920396.000000
919390.000000
917479.000000
920439.000000
918866.000000
919445.000000
919163.000000
925503.000000
916644.000000
919772.000000
919175.000000
916535.000000
918966.000000
1090780.000000
924588.000000
919590.000000
916559.000000
917439.000000
919466.000000
916174.000000
1054184.000000
1252788.000000
918150.000000
916082.000000
918902.000000
1212104.000000
996497.000000
918367.000000
945401.000000
1036193.000000
916173.000000
1041543.000000
928683.000000
994800.000000
1107263.000000
920047.000000
965595.000000
927714.000000
918882.000000
955177.000000
