165843.000000
191117.000000
163428.000000
165664.000000
162957.000000
163188.000000
162771.000000
163772.000000
205669.000000
370121.000000
163230.000000
164819.000000
164235.000000
162674.000000
164134.000000
162865.000000
182678.000000
180199.000000
178524.000000
164140.000000
162434.000000
164885.000000
163484.000000
163445.000000
203651.000000
169762.000000
168550.000000
162617.000000
276704.000000
164889.000000
182210.000000
187999.000000
163318.000000
187097.000000
162868.000000
162624.000000
163403.000000
162608.000000
162534.000000
162929.000000
163544.000000
164553.000000
162779.000000
164263.000000
164689.000000
163385.000000
168371.000000
166451.000000
162369.000000
162516.000000
162530.000000
192074.000000
192028.000000
194614.000000
233325.000000
214672.000000
168273.000000
162980.000000
165911.000000
162585.000000
164810.000000
171746.000000
164052.000000
163199.000000
177585.000000
195829.000000
184951.000000
238992.000000
163998.000000
204577.000000
178922.000000
184762.000000
164885.000000
165455.000000
164415.000000
164872.000000
165700.000000
165334.000000
164622.000000
162628.000000
164997.000000
162761.000000
173945.000000
178858.000000
164846.000000
164311.000000
195471.000000
164280.000000
164648.000000
163173.000000
162688.000000
183347.000000
162502.000000
175996.000000
163643.000000
175490.000000
190738.000000
163406.000000
218209.000000
164654.000000
