174616.000000
149034.000000
149008.000000
191855.000000
150123.000000
150056.000000
153969.000000
152578.000000
157934.000000
148716.000000
155707.000000
153107.000000
148564.000000
148849.000000
151781.000000
149244.000000
149957.000000
157502.000000
148812.000000
152541.000000
168493.000000
152021.000000
158686.000000
149976.000000
220571.000000
148855.000000
149648.000000
148778.000000
164284.000000
149310.000000
196829.000000
149243.000000
150469.000000
173574.000000
151359.000000
150198.000000
151687.000000
152184.000000
148730.000000
149488.000000
152974.000000
152077.000000
153903.000000
150193.000000
150407.000000
153900.000000
151609.000000
148738.000000
150786.000000
150687.000000
152763.000000
170928.000000
171080.000000
149065.000000
214776.000000
172963.000000
149019.000000
152124.000000
148580.000000
149701.000000
148904.000000
149235.000000
195800.000000
181821.000000
161328.000000
154706.000000
170654.000000
149616.000000
148492.000000
185936.000000
163031.000000
182460.000000
148694.000000
148441.000000
149467.000000
151582.000000
150772.000000
153423.000000
152548.000000
151185.000000
150357.000000
155116.000000
150713.000000
148610.000000
148857.000000
149321.000000
179782.000000
153162.000000
154610.000000
171872.000000
149022.000000
157514.000000
148720.000000
150400.000000
150245.000000
154615.000000
149179.000000
149475.000000
149276.000000
150625.000000
