781.319955
40256852.000000
1031.427685
40889660.000000
778.356244
40133112.000000
1017.630238
40674168.000000
763.011641
42078784.000000
1004.940111
40443496.000000
766.350893
40894144.000000
839.950229
39812852.000000
889.426838
40414364.000000
832.807922
39656836.000000
878.530851
41396088.000000
817.280849
40011944.000000
873.935205
40091220.000000
812.031083
40469172.000000
856.939486
39402480.000000
800.772943
40540560.000000
839.170962
40633228.000000
792.565143
40324448.000000
758.468719
39629192.000000
690.316920
40869824.000000
