1232826.000000
1546384.000000
1234990.000000
1261599.000000
1242342.000000
1237600.000000
1245302.000000
1250378.000000
1410736.000000
1289614.000000
1244649.000000
1258833.000000
1232793.000000
1235237.000000
1475882.000000
1440687.000000
1267057.000000
1254095.000000
1240612.000000
1238955.000000
1288014.000000
1241211.000000
1474433.000000
1235001.000000
1234312.000000
1234647.000000
1339201.000000
1234910.000000
1235673.000000
1233921.000000
1541002.000000
1261476.000000
1466461.000000
1407796.000000
1234638.000000
1293474.000000
1472909.000000
1261732.000000
1233629.000000
1258172.000000
1232897.000000
1468604.000000
1429721.000000
1235008.000000
1234326.000000
1237356.000000
1468475.000000
1640975.000000
1281578.000000
1926181.000000
1543287.000000
1288860.000000
1239235.000000
1235490.000000
1241580.000000
1248981.000000
1239285.000000
1352360.000000
1242046.000000
1249152.000000
1235675.000000
1246306.000000
1257343.000000
1233623.000000
1304317.000000
1329476.000000
1233431.000000
1236849.000000
1243321.000000
1269636.000000
1237129.000000
1243951.000000
1234468.000000
1674343.000000
1235458.000000
1236121.000000
1237881.000000
1236153.000000
1237144.000000
1239335.000000
1400839.000000
1628668.000000
1243067.000000
1244852.000000
1234246.000000
1624603.000000
1233042.000000
1263073.000000
1276935.000000
1255548.000000
1233955.000000
1273930.000000
1248361.000000
1295151.000000
1278624.000000
1263252.000000
1379618.000000
1238858.000000
1263466.000000
1545967.000000
