551221.000000
666866.000000
461750.000000
640324.000000
468720.000000
590312.000000
638844.000000
645134.000000
688479.000000
552836.000000
519277.000000
553702.000000
551664.000000
589734.000000
692396.000000
688282.000000
688229.000000
487513.000000
703531.000000
551896.000000
688546.000000
589983.000000
485718.000000
485972.000000
724894.000000
589991.000000
631729.000000
690731.000000
687870.000000
590304.000000
521015.000000
487659.000000
519558.000000
593023.000000
690911.000000
591352.000000
612570.000000
594111.000000
589638.000000
485984.000000
635512.000000
552480.000000
516005.000000
637238.000000
698441.000000
692646.000000
730780.000000
637335.000000
591056.000000
690207.000000
635493.000000
701982.000000
871749.000000
703622.000000
726954.000000
550789.000000
486617.000000
516594.000000
639602.000000
485801.000000
688125.000000
634967.000000
553839.000000
591472.000000
590218.000000
635680.000000
666928.000000
592312.000000
589832.000000
592391.000000
553713.000000
486064.000000
688129.000000
589727.000000
590063.000000
519368.000000
799185.000000
598250.000000
593782.000000
688086.000000
516029.000000
527555.000000
566248.000000
689293.000000
589757.000000
516078.000000
716427.000000
553781.000000
692254.000000
634799.000000
516091.000000
578041.000000
593383.000000
489091.000000
501527.000000
496195.000000
519127.000000
519451.000000
759601.000000
461893.000000
