694178.000000
665779.000000
668642.000000
685928.000000
837059.000000
664117.000000
693051.000000
668009.000000
666011.000000
668347.000000
665110.000000
690499.000000
667393.000000
673978.000000
667534.000000
664707.000000
706329.000000
706004.000000
667929.000000
698802.000000
671365.000000
671566.000000
667250.000000
684136.000000
668208.000000
669190.000000
684376.000000
685216.000000
837321.000000
667435.000000
762736.000000
928067.000000
664705.000000
668152.000000
675159.000000
665785.000000
665130.000000
664466.000000
700891.000000
664133.000000
665428.000000
817777.000000
874257.000000
668015.000000
803355.000000
668608.000000
794825.000000
874584.000000
666485.000000
665742.000000
665032.000000
704734.000000
670058.000000
665587.000000
675958.000000
683859.000000
665388.000000
665280.000000
665771.000000
679193.000000
673072.000000
855931.000000
665260.000000
794764.000000
664548.000000
667341.000000
665445.000000
684320.000000
664448.000000
664848.000000
670874.000000
667468.000000
676890.000000
795061.000000
668412.000000
664709.000000
667494.000000
667558.000000
665058.000000
664525.000000
665295.000000
1083259.000000
664510.000000
672122.000000
665737.000000
923964.000000
736544.000000
664923.000000
668053.000000
667760.000000
739201.000000
667523.000000
664342.000000
667802.000000
665942.000000
673283.000000
668238.000000
664571.000000
721152.000000
665850.000000
