2514498.000000
2343902.000000
2929972.000000
2352440.000000
2708879.000000
2272387.000000
2637250.000000
2278896.000000
2416951.000000
1981997.000000
2123195.000000
2706403.000000
2519862.000000
2197905.000000
2540492.000000
2938321.000000
1954107.000000
2253944.000000
2259586.000000
2086515.000000
2703869.000000
2714300.000000
2372041.000000
2538054.000000
2203996.000000
2930111.000000
2358863.000000
2929854.000000
2285900.000000
2561602.000000
2705279.000000
1957066.000000
2703435.000000
2718770.000000
2652520.000000
2197753.000000
2528797.000000
2703918.000000
2077458.000000
2930285.000000
2533428.000000
2543764.000000
2724561.000000
2445860.000000
2511656.000000
1851752.000000
2939292.000000
2205836.000000
2704232.000000
2713380.000000
2951279.000000
2068465.000000
2714591.000000
2339274.000000
2940765.000000
2511937.000000
2344067.000000
2705107.000000
2350380.000000
2729402.000000
2346045.000000
1978398.000000
2930300.000000
2197255.000000
2689067.000000
2966381.000000
2373081.000000
2712054.000000
2929759.000000
2899120.000000
2741478.000000
2146331.000000
3113827.000000
2433278.000000
2344158.000000
2529081.000000
1961179.000000
2198960.000000
1953698.000000
1954701.000000
2345291.000000
2848684.000000
1850685.000000
2703737.000000
2071378.000000
2892808.000000
2230104.000000
2577196.000000
2258343.000000
1954130.000000
2334269.000000
1961492.000000
2704291.000000
2135323.000000
2519363.000000
2196804.000000
2718603.000000
2392365.000000
2581228.000000
2714939.000000
