173717.000000
197415.000000
183364.000000
197804.000000
162706.000000
225643.000000
195946.000000
209431.000000
244909.000000
185338.000000
163079.000000
163372.000000
247219.000000
211018.000000
225472.000000
195774.000000
195564.000000
245439.000000
163061.000000
261013.000000
244131.000000
226136.000000
172763.000000
244176.000000
225716.000000
302097.000000
174254.000000
164534.000000
220916.000000
195833.000000
195997.000000
163234.000000
209665.000000
245004.000000
183331.000000
183584.000000
200398.000000
156068.000000
185202.000000
245992.000000
209990.000000
245084.000000
183810.000000
209300.000000
210310.000000
154440.000000
174235.000000
227376.000000
154900.000000
246472.000000
184184.000000
156494.000000
196297.000000
209744.000000
209605.000000
225700.000000
209373.000000
225880.000000
177061.000000
172682.000000
198027.000000
245971.000000
163499.000000
244489.000000
225779.000000
197564.000000
172860.000000
209589.000000
175520.000000
245319.000000
211683.000000
225733.000000
226037.000000
225269.000000
154981.000000
209525.000000
244121.000000
164874.000000
257609.000000
154529.000000
197635.000000
165453.000000
226132.000000
268935.000000
173923.000000
195754.000000
225183.000000
212225.000000
367233.000000
164265.000000
209505.000000
388495.000000
227215.000000
183816.000000
159447.000000
210269.000000
197536.000000
183480.000000
225311.000000
229617.000000
