940836.000000
917695.000000
930856.000000
998816.000000
957859.000000
920169.000000
1350697.000000
926454.000000
919597.000000
920329.000000
955608.000000
920441.000000
1007958.000000
917022.000000
918360.000000
917834.000000
926937.000000
919874.000000
1034488.000000
920722.000000
917936.000000
920476.000000
919081.000000
920756.000000
963108.000000
1022762.000000
921708.000000
920446.000000
935266.000000
1131120.000000
1057404.000000
921216.000000
939079.000000
917217.000000
977619.000000
921314.000000
1041139.000000
920506.000000
928354.000000
917902.000000
921954.000000
920425.000000
923366.000000
1096032.000000
921507.000000
1434430.000000
1210832.000000
1211693.000000
920502.000000
917400.000000
1147123.000000
1123158.000000
920669.000000
1093808.000000
920291.000000
917781.000000
1151027.000000
921546.000000
917563.000000
918485.000000
921439.000000
921124.000000
927533.000000
919017.000000
1000789.000000
959047.000000
917980.000000
1354450.000000
917425.000000
920335.000000
1211626.000000
921118.000000
918332.000000
917999.000000
930636.000000
997105.000000
929855.000000
928887.000000
930148.000000
1099318.000000
1208004.000000
920130.000000
920850.000000
918796.000000
933071.000000
942823.000000
954641.000000
922312.000000
923167.000000
929110.000000
932822.000000
923598.000000
921439.000000
921166.000000
936419.000000
920821.000000
918397.000000
935058.000000
1288751.000000
917301.000000
