871.922631
122076864.000000
871.481141
165944096.000000
869.373445
121067064.000000
855.473121
162781584.000000
860.128272
120448464.000000
861.115974
124327936.000000
864.628602
122699344.000000
836.438916
121125008.000000
831.574136
164103680.000000
840.812909
158995280.000000
853.349479
161032192.000000
855.616202
122296312.000000
845.168020
158103168.000000
849.434177
161853728.000000
853.016366
162183264.000000
842.088513
159113840.000000
845.569440
119653776.000000
854.135372
164088000.000000
825.031110
165115424.000000
840.470104
122217632.000000
