836.889933
39284728.000000
1067.381527
40811252.000000
845.065210
39907324.000000
1058.168672
41235952.000000
847.287662
40965408.000000
1044.706046
40919580.000000
845.447403
40158084.000000
1021.045089
39992016.000000
828.849128
41270812.000000
884.913485
39918888.000000
918.409224
40574448.000000
875.127439
41305440.000000
913.495630
40816468.000000
864.296452
40232848.000000
906.905858
40536872.000000
859.588440
40540600.000000
891.447755
39679824.000000
843.702061
41116416.000000
883.455246
40473944.000000
706.777693
40238784.000000
