845.460660
158880832.000000
870.923231
163701808.000000
828.982274
162123856.000000
863.135137
163298496.000000
824.892361
122621232.000000
852.345658
158205376.000000
855.023592
163370432.000000
863.812595
118657272.000000
839.487485
163017280.000000
849.863228
160585264.000000
853.642249
165180560.000000
841.463342
122022048.000000
849.958725
165975552.000000
845.812826
158766400.000000
858.621308
163525856.000000
847.814057
121519784.000000
845.073981
162081440.000000
829.223938
126762560.000000
845.792586
162256288.000000
834.911047
163337600.000000
