14.094979
158555472.000000
14.136562
159666400.000000
14.110274
159423520.000000
8.984627
161145584.000000
9.136349
159650400.000000
14.474269
156851744.000000
14.614221
156927856.000000
14.079216
156173008.000000
14.276834
153984704.000000
8.986364
161387952.000000
14.256505
154007360.000000
11.847887
159890208.000000
14.077908
159168896.000000
12.765596
156032160.000000
14.424387
157066304.000000
8.585885
164192304.000000
14.186125
156367440.000000
12.548299
155015536.000000
14.146294
157788368.000000
13.531353
153614976.000000
