955.199137
163133696.000000
983.762445
160095104.000000
955.207630
158776048.000000
958.792147
164036480.000000
953.917526
163392128.000000
950.450241
122734208.000000
926.061453
161468624.000000
954.060287
161471392.000000
945.539625
121769568.000000
942.426857
166872096.000000
885.528338
164892032.000000
922.566940
119401760.000000
855.074541
122824688.000000
924.236092
121242992.000000
919.553912
120381840.000000
908.528374
158864960.000000
910.122122
163511392.000000
887.544951
165258288.000000
896.941938
123046240.000000
852.345705
162931072.000000
