950655.000000
1018935.000000
948956.000000
1098204.000000
855530.000000
951932.000000
889800.000000
838827.000000
1190662.000000
1027232.000000
919239.000000
1231512.000000
948982.000000
1097046.000000
1185939.000000
1185856.000000
1094908.000000
1016415.000000
890981.000000
1100245.000000
1074016.000000
1278610.000000
1097579.000000
952462.000000
1099033.000000
917743.000000
892499.000000
1275991.000000
891472.000000
960485.000000
1193610.000000
1190739.000000
1119764.000000
1098952.000000
1097981.000000
1107798.000000
1189591.000000
952952.000000
1016702.000000
893026.000000
1016398.000000
1016565.000000
1016400.000000
1096753.000000
1036652.000000
1017478.000000
838549.000000
1189787.000000
958799.000000
1094794.000000
1018303.000000
1122451.000000
1019219.000000
1095026.000000
1190580.000000
966804.000000
1119030.000000
952927.000000
1187419.000000
1022699.000000
1189579.000000
1025196.000000
867718.000000
793729.000000
892863.000000
1094683.000000
1096677.000000
1095232.000000
839562.000000
949136.000000
1020034.000000
1190542.000000
889693.000000
949524.000000
1102141.000000
1094726.000000
925445.000000
1094610.000000
951574.000000
1016584.000000
1019353.000000
1016522.000000
1016068.000000
800841.000000
749119.000000
950024.000000
1191751.000000
1020695.000000
1094996.000000
793698.000000
1017613.000000
791082.000000
1199959.000000
1199527.000000
1100162.000000
1186054.000000
924509.000000
1183139.000000
1098036.000000
1098470.000000
