954.193510
159820656.000000
937.265585
164150048.000000
959.714881
122768544.000000
965.980479
123414512.000000
947.556827
157988128.000000
951.826345
120979616.000000
951.404157
166336896.000000
937.909002
122217096.000000
946.597373
167574816.000000
925.506327
161106960.000000
917.649143
160209104.000000
918.992803
163765984.000000
933.154013
164487792.000000
919.563143
164945376.000000
870.632099
122250104.000000
914.965554
161673152.000000
902.700705
166428048.000000
913.556687
160223488.000000
886.649975
164928320.000000
887.854001
159371104.000000
