2683793.000000
2899441.000000
2184985.000000
2563055.000000
2912196.000000
1832880.000000
2497404.000000
2509814.000000
2484560.000000
2330490.000000
2966610.000000
2273438.000000
2531953.000000
2337714.000000
2677012.000000
2057119.000000
2338703.000000
2948832.000000
1994672.000000
2677773.000000
1833969.000000
2493830.000000
2046350.000000
2920475.000000
2321292.000000
2319664.000000
2693079.000000
2920777.000000
2489066.000000
2319293.000000
2911602.000000
1957090.000000
2192637.000000
2910101.000000
2909796.000000
2909789.000000
2690240.000000
2678470.000000
2323602.000000
2912527.000000
2873550.000000
2507587.000000
2177158.000000
2688879.000000
2489287.000000
1832472.000000
2495500.000000
2486593.000000
2007037.000000
2368270.000000
2185063.000000
2048276.000000
2320599.000000
2392780.000000
2644976.000000
2489199.000000
2498462.000000
2900361.000000
1838188.000000
2049629.000000
2676177.000000
2675939.000000
2875449.000000
2494426.000000
2908720.000000
2409132.000000
2724208.000000
2691566.000000
2321970.000000
2494885.000000
1934480.000000
2046375.000000
2513223.000000
2434773.000000
2689213.000000
2439927.000000
2957004.000000
2224965.000000
2329436.000000
2029790.000000
2688103.000000
2892024.000000
2197708.000000
2321161.000000
2917599.000000
2551162.000000
2548332.000000
2186531.000000
1999469.000000
1833859.000000
2486632.000000
1831751.000000
1936316.000000
2484976.000000
1848715.000000
2185208.000000
2046757.000000
2322613.000000
2258131.000000
2677224.000000
