405424.000000
414729.000000
405083.000000
415890.000000
406075.000000
403782.000000
404347.000000
402429.000000
404677.000000
402743.000000
411910.000000
424083.000000
401409.000000
423216.000000
403120.000000
403548.000000
401481.000000
431691.000000
402061.000000
416938.000000
402543.000000
405354.000000
402369.000000
401697.000000
401468.000000
404822.000000
434366.000000
431201.000000
422398.000000
406968.000000
543364.000000
405113.000000
507161.000000
409291.000000
402913.000000
421233.000000
401489.000000
402715.000000
402730.000000
449417.000000
402663.000000
402212.000000
415766.000000
405323.000000
405657.000000
403439.000000
404070.000000
405131.000000
404010.000000
402414.000000
401335.000000
456861.000000
457125.000000
402966.000000
558512.000000
523361.000000
402262.000000
401884.000000
401941.000000
401702.000000
405211.000000
404542.000000
531644.000000
478000.000000
404974.000000
417683.000000
458076.000000
402900.000000
405198.000000
403012.000000
438416.000000
457956.000000
401848.000000
407751.000000
400995.000000
406316.000000
406071.000000
401941.000000
401691.000000
405247.000000
417375.000000
722119.000000
404276.000000
404467.000000
464600.000000
592566.000000
480456.000000
407961.000000
404267.000000
405282.000000
404802.000000
434706.000000
412673.000000
445072.000000
402663.000000
405354.000000
406204.000000
405030.000000
404408.000000
402321.000000
