1908716.000000
1433108.000000
1537769.000000
1634807.000000
1913791.000000
1346267.000000
1740765.000000
1926244.000000
1764717.000000
1279460.000000
1445623.000000
1767836.000000
1906883.000000
1433508.000000
1907023.000000
1856856.000000
1271118.000000
1781560.000000
1432739.000000
1346705.000000
1610833.000000
1381563.000000
1346188.000000
1527907.000000
1910881.000000
1646319.000000
1768822.000000
1433989.000000
1459240.000000
1301906.000000
1941071.000000
1272467.000000
1789637.000000
1782329.000000
1764053.000000
1635082.000000
1759900.000000
1638242.000000
1645505.000000
1921739.000000
1623752.000000
1529782.000000
1433282.000000
1539285.000000
1643022.000000
1634544.000000
1764091.000000
1909046.000000
1920926.000000
1761926.000000
1636174.000000
1347585.000000
1638317.000000
1764130.000000
1931811.000000
2048800.000000
1811650.000000
1529159.000000
1763459.000000
1634906.000000
1527215.000000
1332055.000000
1356870.000000
1430451.000000
1634268.000000
1917798.000000
1793552.000000
1525523.000000
1916704.000000
1549088.000000
1907561.000000
1302505.000000
1762120.000000
1634145.000000
1525878.000000
1761920.000000
1304898.000000
1430149.000000
1525659.000000
1271323.000000
1636218.000000
1528621.000000
1634576.000000
1916844.000000
1351568.000000
1528956.000000
1917415.000000
1637525.000000
1542544.000000
1291542.000000
1645913.000000
1271250.000000
1907731.000000
1298992.000000
1763869.000000
1429943.000000
1279182.000000
1763913.000000
1952897.000000
1909086.000000
