482973.000000
401384.000000
373013.000000
479247.000000
564836.000000
480933.000000
556946.000000
516617.000000
479665.000000
448852.000000
419095.000000
445562.000000
451904.000000
394321.000000
478745.000000
514452.000000
560451.000000
477269.000000
513970.000000
504926.000000
557885.000000
481124.000000
418060.000000
556558.000000
683274.000000
514364.000000
371494.000000
514803.000000
593235.000000
514168.000000
394822.000000
514196.000000
421281.000000
417841.000000
353620.000000
445573.000000
478950.000000
479371.000000
421874.000000
556888.000000
478906.000000
479108.000000
445828.000000
567041.000000
474629.000000
560678.000000
560859.000000
557553.000000
556296.000000
419610.000000
384722.000000
477466.000000
558380.000000
556831.000000
563119.000000
516051.000000
395914.000000
558691.000000
352445.000000
480010.000000
558908.000000
514051.000000
514300.000000
515544.000000
516158.000000
421271.000000
445898.000000
516056.000000
397091.000000
417993.000000
445667.000000
394792.000000
557055.000000
477867.000000
556810.000000
478773.000000
557703.000000
396539.000000
480872.000000
569778.000000
446866.000000
558573.000000
450242.000000
449069.000000
558733.000000
417760.000000
445613.000000
559278.000000
556495.000000
516204.000000
526296.000000
355088.000000
504938.000000
557470.000000
373749.000000
418077.000000
588624.000000
418902.000000
372115.000000
372897.000000
