22.811907
161548544.000000
22.983772
160535760.000000
21.477227
163294208.000000
21.461207
159584752.000000
22.891643
161184960.000000
22.985772
158450624.000000
22.875336
155256624.000000
22.824191
160806752.000000
22.827570
155594944.000000
23.168513
153191344.000000
21.493306
164413488.000000
21.469314
160093248.000000
22.783056
165175712.000000
22.750806
159391504.000000
23.361370
163497904.000000
23.023382
165326464.000000
22.728854
152489712.000000
22.925950
159842368.000000
23.009721
157176448.000000
22.961861
161500320.000000
