195802.000000
159483.000000
170419.000000
158467.000000
171714.000000
155815.000000
184800.000000
178365.000000
155619.000000
159137.000000
157465.000000
163486.000000
156961.000000
182692.000000
156287.000000
154608.000000
156348.000000
165313.000000
157637.000000
172345.000000
156144.000000
205658.000000
154547.000000
162964.000000
157275.000000
171764.000000
156400.000000
154873.000000
156702.000000
209328.000000
157424.000000
156467.000000
177631.000000
155896.000000
184105.000000
156469.000000
157168.000000
155141.000000
159878.000000
155453.000000
155829.000000
156926.000000
156241.000000
199183.000000
157465.000000
186188.000000
206704.000000
208844.000000
242611.000000
157735.000000
162112.000000
207174.000000
156341.000000
155431.000000
156263.000000
155978.000000
197284.000000
157463.000000
243751.000000
155794.000000
158071.000000
154714.000000
157308.000000
155426.000000
169143.000000
215313.000000
155626.000000
156910.000000
245430.000000
155859.000000
155615.000000
157070.000000
155452.000000
157150.000000
156687.000000
156468.000000
155972.000000
157542.000000
156149.000000
180477.000000
205828.000000
155281.000000
157290.000000
245600.000000
205210.000000
157444.000000
157369.000000
155807.000000
161336.000000
156951.000000
155582.000000
157071.000000
156296.000000
156060.000000
156409.000000
157060.000000
154803.000000
159711.000000
195597.000000
154626.000000
