762.226056
40743460.000000
1044.982153
40429504.000000
755.969021
40321004.000000
1018.812991
40736884.000000
755.928032
40734092.000000
1002.116536
40708056.000000
758.900517
40679796.000000
786.368987
40590640.000000
811.193802
40590640.000000
830.831864
39542304.000000
883.033588
40819568.000000
814.444759
40285528.000000
881.303062
40751816.000000
802.088816
40240848.000000
857.769769
40108220.000000
786.841070
40114024.000000
841.381332
41701192.000000
776.965424
40506584.000000
839.804917
40841536.000000
679.991765
40440328.000000
